# Created by Octave 4.2.1, Fri Dec 29 10:08:45 2017 CET <nushy@nushy-N550JV>
# name: DD
# type: matrix
# rows: 100
# columns: 19
 0.6984425422323228 -0.5352090931730553 -0.07755942019611881 0.0205720111114669 0.07059160788212326 -0.512494483663604 0.5244313735208563 -0.1275270925764985 -0.1379343860672402 0.1701220492941296 -0.0590472701173009 0.1660882192240284 0.2214376602577695 -0.3406159924091261 0.2175762196717692 -0.01741398393088247 -0.0001622269744991332 -8.766387479483211e-09 1.40027644801011e-16
 0.4377647553950018 -0.08113634178340343 -6.684786670827988e-05 0.006437333329168218 -0.04588713668002901 -0.08913930547317533 0.1639089010068567 -0.3449541353047212 -0.291243855533009 -0.6643523979946639 0.08856955156491438 0.3449357962194669 0.4169860055053459 0.1571635126107563 0.07168689751859013 -0.008998474744000225 -0.0001493189996118609 -6.850232223951119e-09 -1.40027644801011e-16
 0.01627738646057791 0.1670572501295197 0.332403965137325 0.2099952627157375 -0.09924049223882003 -0.2539816977778116 -0.6118463406977612 -0.1832583344020713 -1.212125642000765 -1.172060601337494 0.08418454308311953 0.408558625259848 0.9031488779706039 0.327623365488078 -0.0284430017846562 0.002154524411472816 -8.950283232742238e-06 -2.27910271000906e-08 -9.80193513607077e-16
 0.01627738646057791 -0.1209635993208718 0.004264421860415313 0.2516355265901751 -0.3686611396296289 -0.529999437367858 -0.8115207638501115 -0.2167950269994601 -1.660182854593194 -0.6498386562276769 0.06150757303885514 0.4655657193695566 1.247144985430561 0.2653122563881805 0.02012161169593535 -0.004616601240572184 -3.657773382075756e-05 -1.41868482150232e-09 -2.80055289602022e-16
 0.01627738646057791 -0.02405422025005152 -0.09191608245649091 -0.120981047863391 -0.3105077262982918 -0.3323974404819114 -0.3125196748427447 -0.1126655997770654 -0.6975071018298007 -0.5490613805081079 0.06150757303885514 0.4839120166976922 1.536512405813774 0.2183185994319038 0.02887344922967201 -0.002588068668925187 -6.589554377735565e-05 1.047032436834055e-08 4.20082934403033e-16
 0.01627738646057791 -0.02405422025005152 0.02086483225123503 -0.03638432255471918 -0.07578714686831312 0.008696514558278245 -0.2136275656637635 -0.2028470174354322 -0.4597467608435415 -0.5935230898700528 0.06150757303885514 0.5626218730509499 1.803490538424412 0.1924111317646284 0.006703693680331146 0.01194004893985469 -0.0001964705582697534 -3.586005439105715e-08 -1.960387027214154e-15
 0.01627738646057791 -0.02405422025005152 0.003210273010045506 0.04445773762981176 0.1451422342520607 -0.1453562717713946 -0.08123327524191262 -0.1312952444867784 -0.4684149156384 -0.5935230898700528 0.06150757303885514 0.6467879472310598 2.072011062963186 0.1648957689874838 0.003220452850474547 0.008988348517678589 -0.0001400244111412206 -1.727261873507923e-08 -1.050207336007582e-15
 0.01627738646057791 -0.02405422025005152 0.003210273010045506 0.01096572630806764 -0.1533281934922513 0.07594851524623683 0.07365495330373582 -0.1026184596074847 -0.6234987253223181 -0.5935230898700528 0.06150757303885514 0.7547193406853211 2.323145972877412 0.1373585666599701 0.002667889151076847 0.00544078201908769 -0.0003161049635866011 -7.493962441363566e-08 -6.161216371244484e-15
 0.01627738646057791 -0.02405422025005152 0.003210273010045506 0.01435305147566907 -0.05581335019078715 0.0004816740632013206 -0.007709064455376197 -0.09660766929956879 -0.4949008732033678 -0.5935230898700528 0.06150757303885514 0.9177588313327659 2.600776975038787 0.1029270407453403 0.003601498757096507 0.003221697870292865 6.011608751311106e-05 -4.38138336375179e-08 -3.640718764826286e-15
 0.01627738646057791 -0.02405422025005152 0.003210273010045506 0.01435305147566907 -0.02713907265568685 -0.1005773247945709 0.06763667429791761 -0.3817433935789394 -0.2151330013640648 -0.3599555188008282 0.0448038476015257 0.799403266376578 2.103208498103937 0.07346811955533215 0.003236192174523015 0.002208103632090934 0.0003870323078228663 -1.919519719216925e-07 -3.626716000346184e-14
 0.01627738646057791 -0.02405422025005152 0.003210273010045506 0.01435305147566907 -0.04770922877918804 -0.00227460700538229 -0.04983246499996571 0.02028010322464602 -0.04203901424302194 -0.1801078369921186 0.02349629976838547 0.4595164719358716 1.116160126232294 0.05644987545572626 0.0007880845277778185 0.00212690378894974 0.0001937930193086436 -7.24323401733929e-08 -1.036204571527481e-14
 0.01627738646057791 -0.02405422025005152 0.003210273010045506 0.01435305147566907 -0.04377433092305619 -0.01274107850836231 -0.09115140796952972 -0.1607723654882745 -0.09559611855621647 -0.1923395940656219 -0.02813097837069669 0.1324849147942623 0.3631520101426021 -0.01080328127648674 0.009268553533614384 0.00159769671744959 9.663898732627855e-05 -9.533578243312322e-09 3.080608185622242e-15
 0.01627738646057791 -0.02405422025005152 0.003210273010045506 0.01435305147566907 -0.04403536369068045 -0.02357904286551985 0.04149565750353265 -0.009838278399873945 0.08614405027852776 -0.1462688651186597 0.0206184277085153 0.05047160417891292 0.1327280775834983 0.007203674512934671 0.002631158255818526 0.003072171512661534 6.385478735632428e-05 8.806411900031217e-08 -4.550898456032857e-15
 0.01627738646057791 -0.02405422025005152 0.003210273010045506 0.01435305147566907 -0.04403536369068045 -0.01923650710803747 -0.01387911625036972 -0.07960684517924055 0.01314978774746618 0.003390999742849732 0.01101538980099517 0.0259202836837446 0.06360977292466331 0.02708106637969781 -0.008446200892026837 0.003075204139530861 4.449544915062274e-05 1.376716027944403e-07 -1.561308239531273e-14
 0.01627738646057791 -0.02405422025005152 0.003210273010045506 0.01435305147566907 -0.04403536369068045 -0.01988387561426921 -0.01773401830023531 -0.0008506912892632876 -0.09927169892012391 -0.02459006521603635 -0.2766981714484046 -0.1088361667762756 -0.08615287233980459 -0.09844637303633613 0.003879437110205065 -0.0007248470944344651 2.649891021802938e-05 4.223730619767283e-08 3.990787876828813e-15
 0.01627738646057791 -0.02405422025005152 0.003210273010045506 0.01435305147566907 -0.04403536369068045 -0.01984811048041447 -0.008055373787439576 -0.03001736507576529 0.1319572126885201 -0.2014211846278315 0.2034228571684003 0.328051991744452 0.4096242904733072 0.3097625953457129 -0.08463719441494465 -0.003907367106226606 3.132551782032988e-05 7.208679649436224e-09 0
 0.01627738646057791 -0.02405422025005152 0.003210273010045506 0.01435305147566907 -0.04403536369068045 -0.01984811048041447 -0.0113968492487217 -0.03426918143663749 -0.06010830800143849 0.02559798628418153 -0.3694272254155949 -0.03243875086405598 0.0133268065560449 -0.0336111471398573 0.006949080524378461 -0.01071281870158924 -1.799404665508214e-05 -2.70159329294502e-07 -5.944173521802917e-14
 0.01627738646057791 -0.02405422025005152 0.003210273010045506 0.01435305147566907 -0.04403536369068045 -0.01984811048041447 -0.010833798819656 -0.02659172348204898 0.01012262846859138 0.02050786124517612 0.2099919780158174 0.3133801940458232 0.4667495682692605 0.2892801030102812 -0.03817090419036883 -0.02029583078537242 -0.0003729403876577499 -2.430792535732522e-07 -6.980378093330398e-14
 0.01627738646057791 -0.02405422025005152 0.003210273010045506 0.01435305147566907 -0.04403536369068045 -0.01984811048041447 -0.01088262430537328 -0.2892246908496754 -0.308515295572925 -0.91859088010301 0.03234561805149674 0.2728879380603851 0.5429168207305285 0.2639199962779883 -0.03264850292789941 -0.003996977205870971 -5.607710720260334e-05 -4.632283291621208e-08 1.330262625609605e-15
 0.01627738646057791 -0.02405422025005152 0.003210273010045506 0.01435305147566907 -0.5001721923015199 -0.5463977877699935 -0.6112882430252222 -0.1405027612411504 -0.8988283213401718 -1.046041569324692 0.089637925125514 0.3951977924673949 0.9518096173917244 0.3026019882522583 0.006085373080505536 -0.01840946945592151 -0.0004356080937574759 -1.524593608807433e-07 -1.799355235692991e-14
