# Created by Octave 4.2.1, Sat Dec 30 00:33:01 2017 CET <nushy@nushy-N550JV>
# name: jjj
# type: matrix
# rows: 1
# columns: 19
 3 3 3 3 4 4 5 3 7 5 2 88 20 3 4 6 11 18 2


