# Created by Octave 4.2.1, Sat Dec 30 00:33:01 2017 CET <nushy@nushy-N550JV>
# name: nu_k_vera
# type: matrix
# rows: 1
# columns: 19
 0.7655086179139875 0.7924913163181376 0.6934944394846272 0.6815890779519098 0.6935171604772458 0.8132508001166361 0.8621465431303386 0.8790192666706068 0.6930519060270961 0.8277638117813125 0.7955458331222693 0.6499724632900293 0.7625550803082414 0.4954081459377289 0.1967814459319639 0.02516352370203774 0.0005274504310296891 2.483495039568353e-07 0.3018025159330043


