# Created by Octave 4.2.1, Fri Dec 29 10:08:45 2017 CET <nushy@nushy-N550JV>
# name: XX
# type: matrix
# rows: 100
# columns: 22
 1.074610635558081 1.007709498911449 0.9980145713869339 1.003157574164801 0.992641611272834 1.063233219154957 0.8 0.9311078433802141 1.078359604249261 0.9508325116727626 0.8128981256055224 0.8554286379290549 0.8 0.8 0.8006487821063439 0.8283284896385651 0.8 1.017576219671769 1.000162235740887 1.000000008766388 1 1
 1.00944118884875 0.999299146125825 0.9992907901424866 1.000900123474779 1.047747360339942 1.001860223659913 0.9127209181867373 0.9536981434384515 0.5 0.5 0.5 0.5 0.6382571827574329 0.7268267343223473 0.7281741397763296 0.7802973904644979 0.9374609030752542 1.009147800593844 1.000149325849844 1.000000006850232 1 1
 0.9040693466151445 0.9249515028813344 0.9665019985235 1.019000814202434 0.7523645797951741 0.6531240875563541 0.5 0.5 0.6972188860630709 0.5139605516609995 0.5 0.5 0.5 0.5841845430831195 0.5857804752130408 0.6986740849593662 1.026297450447444 0.9978544486627881 1.000008973074261 1.000000022791028 1.000000000000001 1
 0.9040693466151445 0.8889488967000355 0.8894819494325874 0.9523908310801312 1.03584946575598 0.6671883261263514 0.5 0.5 0.5 0.5 0.5 0.5 0.5 0.5615075730388551 0.5633261891301424 0.7192193123089625 0.984531568697143 1.004653180393078 1.000036579152506 1.000000001418685 1.000000000000001 1
 0.9040693466151445 0.901062569083888 0.8895730587768267 0.8593277968109789 1.307852799422289 0.9973450731239972 0.6649476326420858 0.5868177139313996 1.032076263245854 0.9194106634687882 0.5 0.5 0.5 0.5615075730388551 0.5633978543540805 0.7554619050808022 0.973780504512706 1.002653953742378 1.000065885073453 0.9999999895296754 0.9999999999999998 1
 0.9040693466151445 0.901062569083888 0.9036706731152924 0.8945745924766125 1.06239108489275 0.9866039380244374 0.9953004525827156 0.9418935611667747 0.5136038062939898 0.5 0.5 0.5 0.5 0.5615075730388551 0.5637053147304604 0.789141632033512 0.9815527637981403 0.9882564574784715 1.000196506418326 1.000000035860056 1.000000000000002 1
 0.9040693466151445 0.901062569083888 0.9014638532101438 0.9125782876175967 1.042916820782934 1.188059055034994 1.0427027832636 1.022394464453122 0.8258228493435292 0.6945276048567508 0.5 0.5 0.5 0.5615075730388551 0.5640340884577264 0.8230354713281247 0.9879312403156084 0.991151693166083 1.000140041683762 1.00000001727262 1.000000000000002 1.000000000000001
 0.9040693466151445 0.901062569083888 0.9014638532101438 0.9042052847871607 1.113991279652984 0.9606630861607326 1.03661160140697 1.055025339732903 0.697241155834156 0.5946226962266713 0.5 0.5 0.5 0.5615075730388551 0.5644556954634071 0.8548489420730836 0.9922075087330537 0.9948753978841306 1.000316179903218 1.000000074939632 1.000000000000007 1.000000000000001
 0.9040693466151445 0.901062569083888 0.9014638532101438 0.905052116079061 1.094250442775436 1.038437092584649 1.038918766647851 1.036991500534007 0.8170657713190197 0.7204581020194509 0.5 0.5 0.5 0.5615075730388551 0.5650925684737488 0.8901896903535971 0.9931167310989374 0.9967182298560339 0.9999399277263268 1.00000004381384 1.000000000000006 1.000000000000003
 0.9040693466151445 0.901062569083888 0.9014638532101438 0.905052116079061 1.095915216894233 1.068776144238546 0.968198819443975 0.9851079880184545 1.268742502000674 0.8869991084217341 0.6718661070576692 0.5818772273574622 0.6098731654084422 0.6546770130099678 0.6577996820192513 0.9207007442822435 0.9941688638375756 0.9974050560120986 0.9996131596441895 1.000000191952012 1.00000000000004 1.000000000000004
 0.9040693466151445 0.901062569083888 0.9014638532101438 0.905052116079061 1.095915216894233 1.048205988115045 1.045931381109662 1.033473264859671 0.7429309832320905 0.7632110864567365 0.7211720722137146 0.6761451129656849 0.7756301138746804 0.7991264136430659 0.8009213998615654 0.9404414156406021 0.9968912910963283 0.9976793756241061 0.9998062794130559 1.000000072432365 1.000000000000024 1.000000000000014
 0.9040693466151445 0.901062569083888 0.9014638532101438 0.905052116079061 1.095915216894233 1.052140885971176 1.039399807462814 1.016611955470432 1.057127156728042 0.8963547912397676 0.8007586726835512 0.7526737741671456 0.9820598594761358 0.9539288811054392 0.9544464003038543 0.9998404015716795 0.9890371202951928 0.9983056738288071 0.9999033705462567 1.000000009533583 1.000000000000005 1.000000000000008
 0.9040693466151445 0.901062569083888 0.9014638532101438 0.905052116079061 1.095915216894233 1.051879853203552 1.028300810338032 1.038674724713916 0.8106448853065795 0.8008066069067056 0.8869506571852334 0.8503834409055684 0.94962246075684 0.9702408884653553 0.9704380431691791 0.9870290528671164 0.9942327273800511 0.9968638856358696 0.9999360571485311 0.9999999119358874 1.000000000000006 1.000000000000002
 0.9040693466151445 0.901062569083888 0.9014638532101438 0.905052116079061 1.095915216894233 1.051879853203552 1.032643346095515 1.029173567032923 0.9431007055058158 0.8634938603265753 0.8766436480740415 0.877491398009754 0.9591774347273455 0.9701928245283407 0.9702940756364803 0.9782452972520632 1.005326363631761 0.9968801627397342 0.9999553668792651 0.9999998623284158 1.000000000000019 1.000000000000003
 0.9040693466151445 0.901062569083888 0.9014638532101438 0.905052116079061 1.095915216894233 1.051879853203552 1.031995977589283 1.027562473014224 0.9383004746531901 0.9374497833639268 0.8381780844438029 0.8320305681397938 1.383157663640393 1.106459492191989 1.106034350915519 1.095265241873043 0.9968188688367072 1.000698305946912 0.9999734588524779 0.9999999577626959 1.000000000000002 1.000000000000006
 0.9040693466151445 0.901062569083888 0.9014638532101438 0.905052116079061 1.095915216894233 1.051879853203552 1.032031742723138 1.030017899276278 0.9120352869554738 0.8820179218797085 1.013975134568229 0.9636198384112707 0.5228432868786436 0.7262661440470438 0.7275475971397956 0.778750633448959 1.088513228794672 1.003876034379727 0.9999686672735006 0.999999992791321 1.000000000000001 1.000000000000001
 0.9040693466151445 0.901062569083888 0.9014638532101438 0.905052116079061 1.095915216894233 1.051879853203552 1.032031742723138 1.029182530410957 0.9254909118448661 0.8912217304082286 0.8311134224067901 0.8375129189778354 1.405281237989768 1.035854012574173 1.03572729870361 1.037393149523116 1.003782002383258 1.010731082907637 1.000018264206048 1.000000270159392 1.000000000000063 1.000000000000004
 0.9040693466151445 0.901062569083888 0.9014638532101438 0.905052116079061 1.095915216894233 1.051879853203552 1.032031742723138 1.029323293018224 0.9221844932604746 0.8955927697784256 0.905715398247017 0.9108423635583109 0.5 0.7099919780158174 0.7112161193988089 0.7695598154324664 1.058839918442747 1.020669014252379 1.000373183467006 1.000000243079348 1.000000000000095 1.000000000000025
 0.9040693466151445 0.901062569083888 0.9014638532101438 0.905052116079061 1.095915216894233 1.051879853203552 1.032031742723138 1.029311086646794 0.5 0.5 0.5 0.5 0.6715054181349865 0.7038510361864833 0.7049170046945317 0.7727816072858478 1.036701603563836 1.004053100635937 1.000056123430066 1.000000046322863 1.00000000000003 1.000000000000032
 0.9040693466151445 0.901062569083888 0.9014638532101438 0.905052116079061 0.6028386685028142 0.5 0.5 0.5 0.7425866519880767 0.6020838907469264 0.5 0.5 0.5 0.5896379251255139 0.5911816665023397 0.7101578686763053 1.012759856928564 1.018845230009069 1.000435760553148 1.00000015245939 1.000000000000029 1.000000000000011
 0.5 0.5 0.5 0.5 0.6680312696474366 0.5 0.5 0.5 0.5 0.5 0.5 0.5 0.5 0.5615075730388551 0.5632581647028253 0.7238914141538674 0.9871950524064244 1.006681754240383 1.000413675888515 1.000000214499484 1.000000000000054 1.000000000000012
 0.5 0.5 0.5 0.5 0.5 0.5 0.5 0.5 0.5 0.5 0.5 0.5 0.5 0.5615075730388551 0.5634456802581281 0.7608052887807248 0.9760399570516973 0.9961592342162047 1.000441242971357 1.000000322263219 1.000000000000117 1.000000000000023
